paired SG-vs-control contrasts (n=9): ['0h_repl1', '6h_repl2', '24h_repl1', '48h_repl1', '48h_repl2', '72h_repl1', '72h_repl2', '120h_repl1', '120h_repl2']
unpaired groups dropped: ['6h_repl1']

==============================================================================
[all_pairs] n_pairs=9
     panel    gene  n_pairs  mean_log2FC  median_log2FC  n_pos  n_neg  wilcoxon_p  mean_cpm_all_samples
  core_APM     B2M        9       0.0544        -0.0188      4      5      0.5703              267.7246
  core_APM   HLA-A        9       0.1178         0.2318      6      3      0.2500             1217.4914
  core_APM   HLA-B        9       0.1508         0.2509      7      2      0.1641              866.8934
  core_APM   HLA-C        9       0.0971         0.1379      6      3      0.2500              964.3564
  core_APM   HLA-E        9       0.0842         0.1566      5      4      0.3008              191.0233
  core_APM   HLA-F        9       0.1084         0.2294      6      3      0.3594              112.6847
  core_APM    TAP1        9       0.0649         0.0667      7      2      0.3594               31.3086
  core_APM    TAP2        9       0.0681         0.1411      6      3      0.3594               21.4338
  core_APM   PSMB8        9       0.0084         0.0598      6      3      0.5703               89.5249
  core_APM   PSMB9        9       0.0873         0.1494      6      3      0.3594               73.4364
  core_APM   NLRC5        9      -0.1104        -0.0808      4      5      0.5703               19.6985
  core_APM   TAPBP        9       0.0556         0.1020      6      3      0.2500               66.2656
  core_IFN   STAT1        9      -0.0184        -0.0356      4      5      0.9102              222.9328
  core_IFN    IRF1        9       0.1628         0.2178      6      3      0.0547               34.8907
  core_IFN   CXCL9        9      -0.0632         0.0000      4      4      0.4609                0.0919
  core_IFN  CXCL10        9       0.2574         0.1233      7      2      0.0977                0.8729
  core_IFN  CXCL11        9      -0.0084        -0.0103      4      5      1.0000                1.4421
  core_IFN    GBP1        9       0.0587         0.1339      6      3      0.5703               22.8006
  core_IFN    GBP2        9      -0.1152        -0.1310      3      6      0.2031               39.9788
  core_IFN    GBP4        9       0.0855        -0.0357      4      5      0.7344                6.0644
  core_IFN    IRF7        9       0.0513         0.0061      5      4      0.8203               43.0917
  core_IFN   ISG15        9      -0.0829        -0.0821      2      7      0.3594              912.2833
  core_IFN     MX1        9      -0.1062        -0.1350      3      6      0.2031              459.1090
  core_IFN    OAS1        9       0.0595        -0.1135      4      5      0.8203              175.5904
  core_IFN   IFIT1        9      -0.1088        -0.1100      4      5      0.4961              169.6354
  core_IFN   IFIT3        9      -0.0997        -0.1941      4      5      0.5703               91.0848
  core_IFN    IDO1        9       0.1505         0.1143      6      3      0.2031                0.3457
STING_axis TMEM173        9       0.2387         0.1536      9      0      0.0039                1.5466
STING_axis    CGAS        9      -0.0605         0.0315      5      4      0.8203               48.7787
STING_axis    IRF3        9      -0.0346        -0.0715      2      7      0.3008               35.5682
    sanity   CLDN4        9       0.1073         0.1996      7      2      0.1641              910.2303
    sanity TACSTD2        9       0.2214         0.2783      7      2      0.1641              665.2711

     panel  n_pairs  mean_score_SG  mean_score_control  mean_delta_score  sd_delta  n_pos  t_stat     t_p  wilcoxon_p
  core_APM        9         7.0996              7.0340            0.0656    0.2034      6  0.9669  0.3619      0.2500
  core_IFN        9         4.9210              4.9062            0.0149    0.2014      5  0.2213  0.8304      0.8203
STING_axis        9         4.0699              4.0221            0.0479    0.0686      7  2.0920  0.0698      0.0742
    sanity        9         9.6635              9.4991            0.1643    0.3500      7  1.4085  0.1967      0.2031

==============================================================================
[post_dose] n_pairs=8
     panel    gene  n_pairs  mean_log2FC  median_log2FC  n_pos  n_neg  wilcoxon_p  mean_cpm_all_samples
  core_APM     B2M        8       0.0871         0.0868      4      4      0.3828              267.7246
  core_APM   HLA-A        8       0.1380         0.2325      6      2      0.2500             1217.4914
  core_APM   HLA-B        8       0.1646         0.2969      6      2      0.1953              866.8934
  core_APM   HLA-C        8       0.1103         0.1878      6      2      0.2500              964.3564
  core_APM   HLA-E        8       0.1209         0.2058      5      3      0.1953              191.0233
  core_APM   HLA-F        8       0.1219         0.2554      5      3      0.3828              112.6847
  core_APM    TAP1        8       0.0689         0.0763      6      2      0.4609               31.3086
  core_APM    TAP2        8       0.0862         0.1664      6      2      0.3125               21.4338
  core_APM   PSMB8        8      -0.0031         0.0518      5      3      0.7422               89.5249
  core_APM   PSMB9        8       0.0704         0.0917      5      3      0.5469               73.4364
  core_APM   NLRC5        8      -0.1515        -0.0875      3      5      0.3828               19.6985
  core_APM   TAPBP        8       0.0772         0.1261      6      2      0.1484               66.2656
  core_IFN   STAT1        8      -0.0338        -0.0920      3      5      0.8438              222.9328
  core_IFN    IRF1        8       0.1559         0.1808      5      3      0.1094               34.8907
  core_IFN   CXCL9        8      -0.0984        -0.0921      3      4      0.2969                0.0919
  core_IFN  CXCL10        8       0.2742         0.1413      6      2      0.1484                0.8729
  core_IFN  CXCL11        8      -0.0725        -0.0140      3      5      0.7422                1.4421
  core_IFN    GBP1        8       0.0581         0.1410      5      3      0.6406               22.8006
  core_IFN    GBP2        8      -0.0811        -0.1081      3      5      0.3828               39.9788
  core_IFN    GBP4        8      -0.0156        -0.0380      3      5      0.9453                6.0644
  core_IFN    IRF7        8       0.0651         0.0268      5      3      0.5469               43.0917
  core_IFN   ISG15        8      -0.0826        -0.0706      2      6      0.4609              912.2833
  core_IFN     MX1        8      -0.1124        -0.1379      3      5      0.1953              459.1090
  core_IFN    OAS1        8       0.0894         0.0264      4      4      0.6406              175.5904
  core_IFN   IFIT1        8      -0.1338        -0.1466      3      5      0.4609              169.6354
  core_IFN   IFIT3        8      -0.1353        -0.2131      3      5      0.5469               91.0848
  core_IFN    IDO1        8       0.1297         0.0706      5      3      0.3828                0.3457
STING_axis TMEM173        8       0.2220         0.1457      8      0      0.0078                1.5466
STING_axis    CGAS        8      -0.0768         0.0149      4      4      0.6406               48.7787
STING_axis    IRF3        8      -0.0349        -0.0801      2      6      0.3828               35.5682
    sanity   CLDN4        8       0.0897         0.1965      6      2      0.2500              910.2303
    sanity TACSTD2        8       0.2143         0.3015      6      2      0.1953              665.2711

     panel  n_pairs  mean_score_SG  mean_score_control  mean_delta_score  sd_delta  n_pos  t_stat     t_p  wilcoxon_p
  core_APM        8         7.0981              7.0239            0.0742    0.2156      6  0.9736  0.3627      0.2500
  core_IFN        8         4.9183              4.9178            0.0005    0.2103      4  0.0061  0.9953      1.0000
STING_axis        8         4.0560              4.0192            0.0368    0.0642      6  1.6206  0.1491      0.1484
    sanity        8         9.6280              9.4760            0.1520    0.3721      6  1.1551  0.2859      0.3125

==============================================================================
per-pair score deltas
      pair timepoint  delta_core_APM  delta_core_IFN  delta_STING_axis  delta_sanity  log2FC_CLDN4  log2FC_TACSTD2
  0h_repl1        0h         -0.0039          0.1301            0.1365        0.2633        0.2483          0.2783
  6h_repl2        6h          0.2622          0.3449            0.1571        0.1039        0.1181          0.0897
 24h_repl1       24h          0.1914         -0.0168            0.0687        0.2649        0.1996          0.3302
 48h_repl1       48h         -0.3931         -0.2852           -0.0090       -0.5710       -0.6629         -0.4791
 48h_repl2       48h          0.1216         -0.2243            0.0617        0.5655        0.5237          0.6073
 72h_repl1       72h          0.0563          0.0704            0.0223        0.3950        0.1934          0.5966
 72h_repl2       72h         -0.0465         -0.1143           -0.0648       -0.2008       -0.1030         -0.2987
120h_repl1      120h          0.2674          0.2000            0.0256        0.4134        0.2314          0.5954
120h_repl2      120h          0.1344          0.0290            0.0328        0.2449        0.2171          0.2728
