per-mouse panel scores, log2(CPM+1):
          core_APM  core_IFN  STING_axis  sanity treatment
mouse_ID                                                  
1327495     6.5559    4.4953      4.7678  8.1029  trodelvy
1327522     6.1896    4.5383      4.6453  8.0797  trodelvy
1327610     6.4472    4.6998      4.4937  7.9995  trodelvy
1327611     6.2202    4.2851      4.6593  8.0179  trodelvy
1327460     6.5055    4.7616      4.5825  8.3342   vehicle
1327461     6.8442    4.8620      4.4677  8.7891   vehicle
1327484     6.2911    4.5307      4.6102  8.2624   vehicle
1327496     6.0310    4.0207      4.4227  8.3523   vehicle

gene level (SG vs vehicle):
     panel    gene  n_SG  n_vehicle  mean_log2_SG  mean_log2_vehicle  log2FC  ranksum_p  welch_t_p  mean_cpm_all
  core_APM     B2M     4          4        7.2306             7.2056  0.0250     1.0000     0.9035      149.8803
  core_APM   HLA-A     4          4        9.6122             9.5059  0.1063     0.8857     0.6822      769.4616
  core_APM   HLA-B     4          4        7.9616             8.1467 -0.1852     0.8857     0.6555      280.6326
  core_APM   HLA-C     4          4        8.9067             9.0817 -0.1750     0.4857     0.4112      517.4161
  core_APM   HLA-E     4          4        6.4748             6.8163 -0.3415     0.3429     0.1299      101.2338
  core_APM   HLA-F     4          4        5.2122             5.2783 -0.0661     0.6857     0.8672       38.8367
  core_APM    TAP1     4          4        4.6717             4.6469  0.0248     0.8857     0.8925       24.5524
  core_APM    TAP2     4          4        4.2055             4.1337  0.0718     0.8857     0.7397       17.2705
  core_APM   PSMB8     4          4        6.4766             6.4195  0.0571     1.0000     0.7176       87.0302
  core_APM   PSMB9     4          4        5.0636             5.0075  0.0561     0.8857     0.8364       32.6018
  core_APM   NLRC5     4          4        4.3607             4.5655 -0.2048     0.3429     0.3229       21.3946
  core_APM   TAPBP     4          4        6.0628             6.2076 -0.1448     0.3429     0.3190       69.8353
  core_IFN   STAT1     4          4        6.7019             6.6442  0.0577     1.0000     0.8144      102.9647
  core_IFN    IRF1     4          4        5.0939             5.2279 -0.1340     0.8857     0.6123       35.6333
  core_IFN  CXCL10     4          4        0.2527             0.0000  0.2527     0.1859     0.1929        0.1057
  core_IFN  CXCL11     4          4        0.9214             0.8003  0.1211     0.8857     0.7414        0.8968
  core_IFN    GBP1     4          4        2.8019             3.5931 -0.7912     0.0571     0.0401        8.8507
  core_IFN    GBP2     4          4        4.4273             4.9922 -0.5649     0.0286     0.0720       26.0778
  core_IFN    GBP4     4          4        1.2487             1.3119 -0.0633     0.6857     0.8553        1.5268
  core_IFN    IRF7     4          4        5.3146             5.1841  0.1305     1.0000     0.5913       37.6955
  core_IFN   ISG15     4          4        9.3910             9.3617  0.0293     0.6857     0.9203      680.8674
  core_IFN     MX1     4          4        8.0530             8.3413 -0.2884     0.3429     0.2632      299.6677
  core_IFN    OAS1     4          4        6.7709             6.9329 -0.1619     0.4857     0.4336      116.1817
  core_IFN   IFIT1     4          4        6.0930             5.8336  0.2594     0.8857     0.6306       66.2252
  core_IFN   IFIT3     4          4        5.7081             5.2368  0.4713     0.8857     0.4616       48.0041
  core_IFN    IDO1     4          4        0.2866             0.1523  0.1342     0.4678     0.2617        0.1702
STING_axis TMEM173     4          4        3.1747             2.7595  0.4152     0.1143     0.0724        6.9954
STING_axis    CGAS     4          4        5.3585             5.4485 -0.0900     0.4857     0.5785       41.6896
STING_axis    IRF3     4          4        5.3914             5.3544  0.0370     0.4857     0.5839       40.5005
    sanity   CLDN4     4          4        8.5337             8.8789 -0.3452     0.0286     0.0626      422.6808
    sanity TACSTD2     4          4        7.5663             7.9901 -0.4238     0.0286     0.0339      222.2608

panel scores (primary, unpaired 4v4):
     panel  n_genes  mean_score_SG  mean_score_vehicle  delta_score   sd_SG  sd_vehicle  welch_t  welch_t_p  ranksum_p
  core_APM       12         6.3533              6.4179      -0.0647  0.1774      0.3441  -0.3343     0.7532     0.8857
  core_IFN       14         4.5046              4.5437      -0.0391  0.1708      0.3753  -0.1897     0.8584     0.6857
STING_axis        3         4.6415              4.5208       0.1208  0.1127      0.0899   1.6751     0.1474     0.1143
    sanity        2         8.0500              8.4345      -0.3845  0.0492      0.2395  -3.1444     0.0461     0.0286

batch-paired sensitivity:
     panel  n_blocks  mean_delta  n_pos  signed_rank_p  paired_t_p                               deltas
  core_APM         4     -0.0647      3         0.8750      0.7663    [0.0504, -0.6545, 0.1562, 0.1892]
  core_IFN         4     -0.0391      2         0.6250      0.8105   [-0.2663, -0.3237, 0.1691, 0.2645]
STING_axis         4      0.1208      3         0.2500      0.2290    [0.1853, 0.1776, -0.1165, 0.2366]
    sanity         4     -0.3845      0         0.1250      0.0400 [-0.2313, -0.7093, -0.2629, -0.3343]
