barcode	genotype	sample	compartment	Cldn4	Epcam	Krt8	Krt18	Ptprc	Tacstd2
K_GAACCTAAGAGTGACC.1_LKR13.K.1	K	LKR13-K-1	epithelial	1.0	8.0	2.0	0.0	2.0	0.0
K_TGACTAGCAAGCGAGT.1_LKR13.K.1	K	LKR13-K-1	epithelial	12.0	2.0	0.0	1.0	0.0	0.0
K_TTGCCGTGTGGAAAGA.1_LKR13.K.2	K	LKR13-K-2	myeloid	1.0	0.0	1.0	0.0	0.0	0.0
KK_TGGCGCACAAGCGCTC.1_LKR13.KK.1	KK	LKR13-KK-1	myeloid	1.0	0.0	2.0	7.0	2.0	0.0
KLK_ATCTGCCTCGTTACAG.1_LKR13.KLK.2	KLK	LKR13-KLK-2	caf	1.0	0.0	1.0	0.0	0.0	0.0
KLK_GTACTCCCATAGACTC.1_LKR13.KLK.2	KLK	LKR13-KLK-2	caf	1.0	0.0	0.0	2.0	0.0	0.0
